721
825
755
834
484
720
177
475
470
211
556
743
525
552
525
316
662
992
104
322
452
238
289
362
684
76
469
225
843
99
456
877
306
141
472
721
914
859
401
576
187
246
833
100
196
733
847
658
523
773
867
18
557
475
873
540
187
27
78
409
712
594
539
477
361
105
137
10
787
557
954
487
791
338
243
750
389
777
586
714
248
186
896
435
484
760
676
513
639
595
240
327
293
942
963
471
236
43
281
337
730
789
158
145
541
150
830
425
407
318
322
572
938
479
373
436
635
961
93
317
521
49
816
530
871
98
567
803
371
497
272
253
95
200
282
502
824
943
566
523
2
84
884
197
845
9
926
789
387
0
405
727
95
646
75
663
164
731
665
112
749
606
604
379
701
482
950
688
767
518
85
844
862
455
709
539
416
428
116
226
143
67
178
216
830
891
313
756
311
866
852
63
960
677
537
20
879
350
182
488
134
628
640
83
393
172
596
816
671
395
807
137
648
169
265
252
823
758
79
629
497
509
606
403
720
705
8
817
682
968
581
186
141
529
694
87
743
694
972
348
357
521
346
72
2
579
599
319
457
852
141
943
962
165
694
510
310
526
980
645
322
801
286
718
943
40
406
959
146
142
500
10
645
787
473
752
65
582
569
66
610
153
816
799
741
132
147
452
763
449
602
429
943
564
873
770
737
525
483
547
10
52
399
660
530
385
643
431
567
332
278
207
643
66
547
113
426
521
839
696
676
992
207
48
339
691
68
358
584
483
714
900
706
146
451
699
657
349
479
163
430
756
220
121
531
70
88
962
278
467
112
583
502
221
676
535
