0
2
2
8
9
10
10
10
18
20
27
40
43
48
49
52
63
65
66
66
67
68
70
72
75
76
78
79
83
84
85
87
88
93
95
95
98
99
100
104
105
112
112
113
116
121
132
134
137
137
141
141
141
142
143
145
146
146
147
150
153
158
163
164
165
169
172
177
178
182
186
186
187
187
196
197
200
207
207
211
216
220
221
225
226
236
238
240
243
246
248
252
253
265
272
278
278
281
282
286
289
293
306
310
311
313
316
317
318
319
322
322
322
327
332
337
338
339
346
348
349
350
357
358
361
362
371
373
379
385
387
389
393
395
399
401
403
405
406
407
409
416
425
426
428
429
430
431
435
436
449
451
452
452
455
456
457
467
469
470
471
472
473
475
475
477
479
479
482
483
483
484
484
487
488
497
497
500
502
502
509
510
513
518
521
521
521
523
523
525
525
525
526
529
530
530
531
535
537
539
539
540
541
547
547
552
556
557
557
564
566
567
567
569
572
576
579
581
582
583
584
586
594
595
596
599
602
604
606
606
610
628
629
635
639
640
643
643
645
645
646
648
657
658
660
662
663
665
671
676
676
676
677
682
684
688
691
694
694
694
696
699
701
705
706
709
712
714
714
718
720
720
721
721
727
730
731
733
737
741
743
743
749
750
752
755
756
756
758
760
763
767
770
773
777
787
787
789
789
791
799
801
803
807
816
816
816
817
823
824
825
830
830
833
834
839
843
844
845
847
852
852
859
862
866
867
871
873
873
877
879
884
891
896
900
914
926
938
942
943
943
943
943
950
954
959
960
961
962
962
963
968
972
980
992
992
